   4.9154545302438688       0.83806879340961959     
   4.9872910463278357        1.8511057478200490     
   6.0501494148165182       0.24854784914372810     
   4.9597722828995003       0.16900513638952039     
   3.2574055468836258        4.3934729266065329     
   4.7283665239488544        1.3185884402621950     
   3.4305062890277291        2.9691592152419908     
   3.4929766200285770        4.4224479047666394     
   2.8051175872126399        4.7738913983818190     
   3.3867817545810568        4.2248508142352854     
   5.6101909572676147        1.5299605342973941     
   6.0603077082161061        1.4660709704045281     
   3.8657576543134642        5.4833538801812356     
   4.2459098022646309        4.4109906943676274     
   5.4545274744486250       0.32242155173617348     
   3.6318587039922532        5.2659396444707509     
   3.4914358071506131        4.3388792967376508     
   4.8465644599823294        5.2253842150601209     
   4.7311247418091504       0.98809430067592308     
   2.9158141485089031        5.7829750939664377     
   4.8385560315811240        1.6541560505336841     
   3.0925086330994098        4.7999435661266983     
   5.5566341594531217       0.25541346289800598     
   5.7167615704387718      -0.16079010470601740     
   4.5708492745354370        2.3614496733831469     
   5.3109515401836340       0.11984427308797049     
   5.0611455150822611        1.0908523816371269     
   5.2439461528064593       0.89736673645019627     
   2.9545289811566771        5.3371821943271822     
   3.0773354593094329        4.8515513926649270     
   4.7356915164016842        1.0999801575482659     
   2.6395866264024130        3.5466696911864428     
   3.3578798781363490        4.5750929313788182     
   4.7837671624407729        5.6056045202473843     
   4.8852014408118141        1.7262516102689560     
   6.3596290843855403       0.41590113129283651     
   4.3626655132945986        5.3729227915614954     
   5.5035195232283449      -0.12021225395710110     
   5.0135143751054407       0.97995402204133875     
   3.4497489697556829        5.3063718601601781     
   3.7222149282703509        4.8552998030189576     
   3.4634480167602719        5.1433784194397107     
   3.2991391063420621        3.7586922549180311     
   4.0609046680494476        3.9409728508915300     
   3.5727874697216149        6.0588556722510134     
   4.5932778850876037       0.66780211548634671     
   2.9902022850711272        1.3468791792984780     
   5.4131611082379862       0.61300779718226606     
   4.9361498982106582        1.3693583050401481     
   5.5657234606965513       0.29626342947081730     
   5.1701503431125646       0.11585550193312689     
   5.0293039333542104        6.3904577862623224     
   5.5425876501270110        1.4709034102641620     
   5.9703197136777826        1.5008522586858790     
   4.2872545268962821        1.3882005682588470     
   3.5920623430436209        4.2655138445378276     
   3.3292739141520520        4.9515966476620772     
   3.7169585589930518        3.7097105783268618     
   5.0241854840634677       -8.9837170147027967E-002
   2.9002734900069438        5.3288247284817531     
   5.4760396868381100      -0.37081989755161099     
   4.3282457079024059       0.64561545170096313     
   3.0003179734824270        3.9032349917067850     
   4.0694785365908857        4.2849293353163400     
   4.6355129336483678        4.1239204428580596     
   5.4593453321903374        1.1809680210402340     
   4.7886476889966936      -0.48241462588212031     
   3.7104826913598958        6.3761925103752271     
   4.4665774354241492        2.0150793431706999     
   4.8027828120844580        1.3365688135683971     
   3.6983600860190959        5.7181570279664840     
   3.7914413486997618        5.0646101306091573     
   3.3058778064808658        1.4399766248162880     
   4.9814890851927984       0.96716049403185433     
   4.9413563459963248        1.4678852148353729     
   5.2874279899767416        1.8728854592764621     
   4.1301570580974740        2.6228611939359801     
   4.9516463195098890       0.77818094785694125     
   5.3536754640544633        2.0515850006097760     
   4.3298022312780642        5.1303419734625448     
   5.8273228333381004        1.5701468440530730     
   5.6130203277225741        1.1322082931766000     
   3.1920899074644460        4.6477797393165714     
   5.2312562225393400      -0.43614506110058932     
   5.8855131392915343        1.1091743744248090     
   2.8887768063720052        4.3137408921356268     
   3.3844422882530112        3.8283655056765999     
   4.8298699374123988      -0.11118362344251791     
   6.0710846357520083        1.5292877682390049     
   6.1991497580685619        1.7225121868695441     
   6.6620109946813049        1.6724174876323421     
   6.1473749959692814      -0.11724777640948240     
   4.0505570955502836        5.1643952360358432     
   4.9164472117974523        1.6379366296702531     
   3.4962366570366030        4.5908182435826594     
   6.2696967539781951        2.0274878966083940     
   5.3622473061470171        1.4351707670435290     
   5.8086878236633108        1.9161461584372801     
   3.5657689443229481        3.9387133968711159     
   3.1322339826414280        3.9819195214844738     
   6.9463387273528223        1.7574451507784810     
   2.4354789736175650        4.2118796764693709     
   5.1633495706927857        1.1573747671788690     
   3.7997075437325512        4.0628696488241944     
   2.6166327421012459        3.8296016469039151     
   6.4385277322441423       0.66610138761083126     
   4.0405888527404059       0.53973121158964243     
   3.5428646202994920        4.6860820757359134     
   3.8189625975601049       0.41882006925740178     
   4.3571864498204000        4.4555258815985974     
   2.3970909404683911        5.6615720583330020     
   5.3839377915618840        1.5240680738701800     
   4.5681176644112016       0.40227131910827119     
   2.4347920310544340        4.3886983249510729     
   5.7802244763732427        1.1552486117221870     
   5.4551952993674764        1.1780362024431810     
   4.7290824536624720        1.6340059234213400     
   4.0239650579428279        5.2315435070539333     
   4.7557666110896131        1.2529882579103591     
   5.6067622421541854       0.70159079330212260     
   5.7519154927036098        5.7433444431390850     
   3.3145938983816232        4.8591668973020870     
   5.3204261273003830       0.58987811859367545     
   4.7832594269129993       0.50768738853464024     
   4.3175475352877442        1.2554674575667319     
   4.6696800314763962        5.5032040322117473     
   5.4632946395449720       0.38324450356384121     
   3.1195741146198110        4.6416580576615676     
   5.3668161706209929        1.9479961168945561     
   2.6392888225363440        4.3689558576838854     
   6.1225406117847641        2.3046171803137430     
   5.3195662289396486        1.1080503836348570     
   4.3622913274888244        3.8045051581284022     
   5.0238367984138161       0.74177870312287419     
   4.4143397054186444        1.6275334904806540     
   3.4696748797539350        4.1135057689304686     
   2.2733440987423790        3.6541525120342628     
   4.4110844736074490        1.6122522294166850     
   5.8946344441183758       0.36232835652652939     
   3.3765769519441902        1.5375339089847999     
   4.8575757994930129        5.1342873840189860     
   3.4982633281113271        5.2505133700980036     
   5.5887035334499613        1.0845414371137820     
   4.2039240773285371        5.5417620991356706     
   3.9387694439540448        5.8213754358968286     
   3.5672449281935168        5.3133886687888907     
   5.6909011091907571       0.28208799919668198     
   3.2653089778073721        4.2657205184614657     
   3.8691410154155190        4.4810393541096314     
   4.7362335796229047        1.9704142600802550     
   2.5617576532027568        4.8449773083498240     
   3.5710915060114221        4.0390239356405413     
   3.6655633958880638        5.6906723116083278     
   5.4300873274599759        1.8689032237087071     
   4.0211342371203900        4.4545854685353241     
   5.3106981182167612        1.9885922858093390     
   2.7676019239317222        5.0086977956283132     
   2.9707184692584359        5.3414949302674746     
   4.6772708025004022        1.5900378309946721     
   6.3042102508357933        1.3230942486422970     
   3.8199448719548128        3.2599072983663890     
   3.3260465442857750        4.1199007610705731     
   3.8165765876718361        4.6943647213757700     
   4.6384125986121099        1.1215687654294590     
   4.1832435167936914        5.8382166292248217     
   5.7884850573830926      -0.56673267041466358     
   5.2007509404616998        2.6854827602458289     
   2.4327295614970730        3.9142445047213590     
   4.3832634050083081       0.11007712213113589     
   6.0237088716250629       0.46735349903381879     
   4.6224288524975741        1.2257481791632070     
   3.6935189093421550        5.6614392732260823     
   4.7919291922007714        4.8283860027407401     
   3.5219227076122461        5.6555739749349083     
   3.4028158935218031        6.3355474110364884     
   4.3437153985389596        5.6025764867121586     
   3.6223839955697241        3.7497631675497769     
   5.1148309582065981        1.7870656552024640     
   6.1842191646118287        1.4631161088507121     
   4.1395040128240144        5.0247533570493221     
   3.3382406450323332        5.9641331613764388     
   5.7726036221488393       0.85253764847235569     
   5.9211328096620708        1.3045442931419180     
   3.5575144744858660        4.6741180938128926     
   2.5040094802937749        5.3405271000973764     
   5.6876976515856290       0.75925715110926006     
   4.0064055589708802        1.4556904604577949     
   3.1375135002102321        5.3599623496570601     
   4.6184890507556808        1.7662016380237540     
   5.3518455730254733        2.9566059723896050     
   3.6860010561208871        4.3881102894893287     
   3.7495125910660940        4.2287845203435754     
   4.8848511293189274        1.5014088466296029     
   4.0713609754503084        3.7296622465238900     
   5.7785198701294664      -0.42323422920368392     
   3.6691290943541000        4.5200823741076466     
   6.2517906767351370       0.98841527364842019     
   4.4329965639611171        1.3762332820174750     
   3.0066367811749322        5.2870142661468957     
   3.0915198940340320        5.0848874869161476     
   3.7862888420484140        4.6585791691248373     
   5.2452381276169913        5.0627800738320623     
   3.2849533362517929        5.2050072872978008     
   4.0876360032932064        1.3592978878526050     
   4.7472741600346264        5.7422468054280973E-002
   1.8941888500188671        4.9285360963415448     
   7.3056779121241320        1.5169589076023999     
   4.9188436611121737        2.2146511970272179E-002
   3.9442270075914232        4.5471394360452626     
   5.4848580554008626        1.8127369398910591     
   2.9138376150706331        6.4866529190191526     
   3.2699652713474059        5.5621032398159516     
   5.5824705734773854       0.72728803164075639     
   4.3207777767103579       0.63297440442266772     
   5.4501275375887097       0.14356312143380559     
   4.9549261362354464        1.5015556282282940     
   3.9385239329072128        5.8493489261987452     
   3.2362371104012362        6.5690922413344683     
   2.4346830599669209        6.2282976024927938     
   5.6561882691675773        1.0273345071167970     
   3.9811323007135520        3.5222706127569512     
   4.5463465117134589        1.3456090624597929     
   6.3533954946674793        1.8291332507294400     
   2.6701421154952789        4.2732029055068281     
   2.2082832645689021        4.3264036682485081     
   5.6015709739033106        1.6640165178331690     
   3.0121549930751730        6.0283553698202139     
   3.4646793008692431        5.3479811713135170     
   1.7787821166900850        5.4680018795493099     
   2.7439010412277440        5.2161797187993413     
   4.4932217520580089        4.0753344390827078     
   6.8496475396698040       0.23264882766334691     
   5.8522377715758829        2.0116896875666002     
   2.7520581684270371        4.4255837578819239     
   3.7030203322584940        3.6621280030989589     
   5.4065188517578164       0.68447228267580185     
   5.0560824813378531        1.7493490260507580     
   5.2938706469180179        1.2632489431261209     
   3.9955810974569950        4.4267750508410959     
   3.9554276226004399        1.2623894936974720     
   6.3949618076097767        1.1066203662931540     
   3.6860515414268979        6.9761533398130036     
   4.4189018940091103       0.22406245405512901     
   6.0865931017935768       0.12475932823234630     
   3.8185498838464800        4.3448657426013879     
   4.3606714221076768        4.5291430032573139     
   5.1481276920672574       0.48633427616726133     
   5.0045418023749804       0.93057568382343225     
   3.5817421772478362        4.6250219598606499     
   4.9649767045397537        1.0146439538290759     
   3.0096187349243970        5.3607418849301878     
   4.5247844013103222        4.0964752627971937     
   4.8769699248535154       0.69697652289148015     
   4.0939610787425256        4.2100390845255262     
   5.2637420313238774        1.0674541783980580     
   6.0490015940193214       0.99977388933247902     
   4.0283438984312614       0.92316092564230390     
   2.7612291218625482        4.1908724998754341     
   5.0382164741585216        1.9124801211184359     
   3.8097970800103069        5.2057926825285179     
   5.9804148734656488      -0.32941106224188621     
   5.0321354070141826        1.5141290608809470     
   3.4824991902393481        4.3896631472882293     
   3.5028139868826180        3.9991696182090921     
   3.4450221764059310        4.0475385494782810     
   6.6737855864679014        1.6733091929220421     
   4.2470484939968500        5.0222853339812250     
   3.4591741054388701        4.2680311534220774     
   2.7650903839663581        4.8683576465312530     
   4.8720031337604937      -0.45740417283957679     
   4.9510275895212166        5.9720754040809760     
   5.2334380075613414        2.3165189630796950     
   6.2355190967719167       0.68034824340194477     
   5.0539665177562112       0.28373580426102668     
   3.3797233369729920        3.9926559849180392     
   5.9087846467767449        1.1141463716231419     
   2.7880888514023061        5.4682432610946883     
   4.5355677855080998        2.0175054180512491     
   5.7675288540722214        1.8538840531630350     
   4.6874889308079108       0.99783986332740771     
   4.7777139509694670      -0.15804540542361509     
   4.6686551956779283        1.4463872327263221     
   5.5444561965250188        1.5132735387703899     
   3.3290543228568330        4.8000799117163426     
   3.1991078306677401        4.9102375508535294     
   4.6780228178019048        5.5425145185870388     
   3.6536412532743481        4.2772248896891014     
   3.7766738348605462        5.8187911571045046     
   5.4638800020035552       0.75938447791033248     
   5.5440031817154143        2.6638329797310071E-002
   5.4781391276912519       0.82461025114326958     
   2.5327240385833729        5.7408731952830676     
   3.7297815748571059        4.0619414825286544     
   4.9062590358466371       0.45555350962824193     
   3.6477508102503631        3.5198072859862051     
   3.2481726697835311        4.8251049694430446     
   4.0779910089665510        3.7801874865548570     
   4.5736449442553173        5.0306037627212934     
   4.0224370045730966        5.1527219922539842E-002
   4.0201748427519064        4.0455682628587750     
   3.8544809125086910        5.5444658196379324     
   5.7654672155581634      -0.42394838533868939     
   3.4251161048140570        4.1230123634643379     
   6.4375694403207078        1.1147491954738691     
   4.5646572777451881       0.58188963998144994     
   4.1562243923462816        4.2652528913916026     
   4.1966529560971519        3.3796895720045619     
   4.8408553761748241       0.70806338038598327     
   4.0701489583484944        5.4026189229181014     
   4.5350687858253682       0.96833696050533158     
   3.9006593022030440        4.3770414877528703     
   3.4758371101909371        5.9726308094199414     
   5.7440300999034326       0.98563553453070263     
   5.5420619043917760       0.58640698017843196     
   2.0898767650949450        5.5651553321299687     
   4.3369074464955357       0.76711094140769642     
   6.5586009580581930        1.9280147426927361     
   3.8785431122347860       0.30339015212120118     
   4.2377314877096897        4.4671158873544607     
   5.1364123403734911       0.81050135746186580     
   4.9848935068848714       -7.3154002553395214E-002
   3.1005641762985841        5.0813963079907936     
   2.3174263288383021        5.1370787240447013     
   4.3780256528765564        5.9296708068019308     
   5.0292825770542544       0.92866160584717061     
   2.6681363511642591        5.8181889391863004     
   3.6666519218556650        4.0237252714205773     
   3.0727275529838538        5.3250286094972497     
   4.2928330344573977       0.24982268077395409     
   2.4811988585506302        4.6234852255726668     
   4.9756860248740864        1.4436357544001039     
   5.6243371038099941        4.7593730225373916     
   5.7230409746582671       0.12612812614281579     
   2.7336409129777910        4.2545514843044643     
   4.7357884096832539        1.4028239540806700     
   4.4915464882694121        4.4044498418448423     
   3.6784139278444732       0.69663777364455992     
   3.1138826152874142        4.5894255421943768     
   3.2819220379139940        4.6164820780462499     
   2.9141221497135552        4.5336346817601356     
   3.0225918865208969        4.0010835914397171     
   4.3273508764634716        5.4830438819910778     
   5.4400739333895727       0.41196054386992342     
   2.9321278733540761        5.0949399259634758     
   6.1726650500791829      -0.26984686808296732     
   4.7399348359449860       0.87785473731212527     
   5.7384229388415600       0.53398610921956546     
   1.5277152184528890        5.0015698980815646     
   3.7539481493468201        4.1578188874874122     
   3.9818315605924708       0.16695318538859061     
   4.7191975001627178        1.2509956042667369     
   6.0293135587979654       0.92386929211543833     
   6.0373385966649291        1.2940451457189850     
   4.4513634391182562        5.4712890671280636     
   5.0665049349977496       0.61235348369390286     
   5.7796106410946244       0.56746391451519607     
   3.5444080593264782       0.96445624978743627     
   5.2473664977763121       0.63458753833282877     
   3.8164097762916258        3.6425826356921971     
   5.5284819499825062       0.40670279523898228     
   2.9992881729754330        4.1856798103307362     
   3.8633810109576650        2.2936197910888318     
   3.6507432238244819        6.2239441622320992     
   3.3479720828661241        4.8462954564126388     
   5.0886344982357983        2.4948060232746401     
   3.5744659069797149        4.9218314266972936     
   6.2069601884561223        1.1868915259859290     
   5.8059399438868402        1.8602306763060130     
   6.0791882496408789       -1.5495149345943430E-002
   3.6377315282716030        4.9250592446652632     
   6.3767127182970800        1.5837528541956800     
   3.1139248581871590        5.6716728442862907     
   3.7166645377176999        4.9814036711369072     
   4.8855650711049430        1.5055397330313030     
   4.9809161478767523        1.8972807392138820     
   4.8612226068504887        1.5409239404699200     
   3.6996383122866181        2.0182795882941300     
   3.0031542406179121        4.5119565745594468     
   3.9486725596816141        4.7496634958367423     
   4.6001931868153552        4.1648008516671968     
   3.3537708165980540        5.3593383429323520     
   4.8189906923151034        1.3008899731928700     
   3.7588053375873649        5.6095588632902160     
   4.2623491997842606       0.81585498797834966     
   3.8166824419745100        4.9510241694112596     
   6.1053445362371530        1.6080503673285360     
   3.4140309410439991        5.5587292087552989     
   3.0304494536409798        5.1890055664723800     
   4.5378757773521894        3.6040541233947181     
   3.2815054316836019        5.8572414222319384     
   5.0176794692059108        1.9505710284822380     
   5.2846307733102504       0.68094119343156212     
   6.3267020422817684       0.71487183048637393     
   5.6898285994375533        1.5177897985081661     
   5.2128000928284246       0.40854421232828558     
   5.7099733242182769       0.71247328327184611     
   2.3567051758275559        4.4536319872641732     
   5.3778705527119044        1.9956158587706689     
   3.5173088196805251        4.5292196571798620     
   5.1352390783378237       0.66653164670184539     
   3.7066347686279242        4.2666646962304657     
   3.6075995392911402        4.7323831472696263     
   4.6097335864352580        1.1534487903276269     
   5.0036579272312380        1.2716125120133319     
   1.9968426408024620        3.7096059421187020     
   6.2950979218940146      -0.31002412533057472     
   5.6576231721109984        1.1532737804090101     
   4.1050683029795962       0.71952993408284316     
   3.2871798775944661        5.1748509198068424     
   3.1406869319768069        3.9715520912074069     
   5.5212200383588561        2.5902531365600230     
   3.1380890054912092        4.1206411915381587     
   5.3235363006306748       0.38873059916793201     
   5.1290904033505598        1.4999777035360971     
   4.9930496524251504      -0.25109975063849710     
   5.4324117978666937        1.0701925833172841     
   4.3074459423144766        4.3498587187829676     
   3.7694055761140048        2.0957988657067408     
   5.8265315318667437       0.45594391229087078     
   2.3128610361448678        4.0388142816699277     
   3.5892674833702141        4.3916508218548769     
   6.2652103569489226        1.1960429561039989     
   3.8706734030067138        1.2028984321868370     
   2.8521076593850081        4.1984587072556936     
   3.9792483781847801        5.5916693222697660     
   4.8329601514732774        2.1617789741419999     
   5.3610332440338233       0.31569592489721782     
   3.3501713254589962        4.1424527896351222     
   5.8411229579865864        2.0655668833244230     
   3.6191342511824041        4.2456824980702326     
   3.1615316837572309        5.6767347042617970     
   3.8921712678043421        5.4073266115643879     
   4.2210691586110372        5.4371379617081512     
   2.9038770945504679        5.2099453713894430     
   2.0141156112938940        3.7585013701669689     
   3.6940411574155529        5.0477694264700048     
   4.9778646423035129       0.95140433873211538     
   5.2484511802023341       0.40659243221088559     
   5.1310850766675067       0.96635447987330547     
   5.5182498886518863       0.17685058739340720     
   3.9275214499229989        5.1398517174582654     
   4.6680860260165389        5.7906184748327636     
   4.7180595080064389       0.72844167566031315     
   4.1862892815433002        3.8100487203445552     
   6.6988662711470637       0.45152900000910279     
   3.8571247332300991        1.3836894764857670     
   5.5958242371239741        1.0935248577037811     
   5.8264982182138727        1.0241452747591400     
   2.8837794761310072        5.0832267381609650     
   4.9390374141226587        1.8856279299104650     
   5.3284636306564828       0.31849316336129663     
   5.8989018068603061       -5.1224155232278301E-002
   3.6682801489191679        4.7393935269626333     
   2.5345432599607922        5.2805790861048756     
   3.8934443403365608        3.7005112924846388     
   4.1178272389194879        6.0178236961968290     
   5.2948344388725381       0.59392845281299866     
   5.1434878556162893       -6.3424564094716196E-002
   5.7395882519905994        1.4313298187367729     
   4.6166024671668762        1.8646942618565969     
   5.1072590554870700       0.38411899518017600     
   5.5178509803499214        1.3832984404773661     
   3.9090734121278041        4.9796510776328100     
   3.5753788620121880        4.8005419390238639     
   4.1415170495326716        4.7368990774379469     
   3.5849027845064501       0.39597681185570011     
   6.0097993022119827        1.3288366951549411     
   2.4087600597318621        4.7141840326996522     
   3.7805357678260632        6.4462540897753637     
   4.0048493866574386       0.37439055681128203     
   3.3527378610060978        4.2525922083256296     
   5.7290256724000006        1.7696817730759080     
   3.6281142441236018        4.7686077351608152     
   3.0602819888961301        4.7091766422533219     
   4.8703442700137316        4.7179153456873406     
   5.8455809113226547        2.6250269652092002     
   2.7264321101122331        3.0894300875532150     
   3.9047485562194808        4.1985254791220212     
   4.0337207434742064        4.3382851301333698     
   5.3609728552961062        1.3134908076233460     
   3.6219213728670980        4.8947634237787812     
   5.0327002840445783        1.0568701695308320     
   2.8404238747458548        4.4476706853435077     
   4.4447401415326340       0.78779593596641506     
   3.4402671540431640        4.4136722431321394     
   4.8278947865285229        1.1670030891503220     
   3.9333132748647288        5.5097072702755376     
   5.8540291827860704        1.4634251550569899     
   4.3480780609411784       0.47847511672668919     
   2.3224457534146441        6.0782404708873079     
   5.2237752169718590       0.46282005974879331     
   2.8324553067803699        4.8945836614739404     
   4.5549023161325994        3.7995107040934299     
   6.6531726962980748        1.3511084082227101     
   5.5192288619439482        1.0181408909444620     
   3.7896967526030561        5.8882437035648776     
   6.6194233513630598      -0.60573279283662873     
   2.8780319578141902        4.0027746205776982     
   5.5948362282796369        1.1024839790815530     
   6.1395957424596714        1.8377463358705650     
   4.4336697259125124        4.8947381301493156     
   5.0870249994803691        3.2793791282200953E-002
   5.4505996559980581        1.4669159384930579     
   5.3137757949856699        1.5397463414981969     
   2.9483423953936598        4.4731062831277963     
   4.6656648262490359      -0.44030657799653028     
   5.0271031053570372        4.1977471119370957     
   5.1994815081949541        1.1264520762295309     
   4.8806058171567859       0.60538487370808403     
   6.2040790286391179        1.3176743697084861     
   5.9117631409132176        1.0671676202480600     
   5.6803674225140188       0.41934217242190908     
   3.3162755954270602        5.7003320714485977     
   4.3195917603781187        4.9281527371027760     
   5.1152899207908504        2.2919413416537062     
   3.3939641707106092        5.1715792059145658     
   5.6176754480820712       0.51752423035562467     
   3.5348151356830702        3.5849445084429679     
   4.0275083439440831      -0.10893899195796861     
   3.8877767208900211        1.2442219616587380     
   5.1493620706285110        1.4279311992843049     
   3.6819451460445158        5.1068899676232267     
   4.0067934792859710        1.1158565952446400     
   6.6547833589065029        2.8306516073908208     
   3.7066840340626719        5.1803952925220758     
   5.2137596191574129        1.0536385838674101     
   5.7282035855637883        1.3480689450773260     
   4.5128891261554580        1.6607668242084881     
   4.7748292253417368        5.5104335960029678     
   5.5726145771602669        1.1291187236373770     
   3.8240159522270138        1.3545855381013510     
   5.7104032323395986      -0.19498101753752589     
   3.6802564049219688        4.3321922727547708     
   4.6714705870400577       0.53258518162715296     
   4.2701529675858119        5.1165452089369854     
   6.2567073245344584        2.0026309508889750     
   4.6880104092477399       0.54905834296708855     
   4.1391827285617318        3.2542272361031999     
   4.8444698178676369        5.5118492236728720     
   6.0575939441176541       0.94697733147351126     
   5.1748186374432183       0.33182763889350181     
   3.7352292870625270        5.7498933463039146     
   5.6814063744481986        1.0862979973988951     
   4.3693634383721349        2.3428039512215801     
   2.8357903535602218        3.9902746866859409     
   4.5650131790223227        1.3842997258890339     
   2.2974025065436638        4.3183937264431860     
   3.8534666763207901        5.1892674949679396     
   4.2229726392479048       0.35714370882769719     
   3.7933863049044039        4.2959609469496201     
   3.2381625468683191        4.0402805499799950     
   3.5882399286780848        1.1699200617016681     
   1.9361659283049850        4.1071845076875517     
   3.7344569979532509        6.0824182673365277     
   4.3542705244673234        3.6686616406508761     
   4.5630661122516347        1.1892513340906830     
   3.3261139173209990        5.8650078296274586     
   3.2538485572875668        4.4286223592578509     
   3.4147613232409060        5.0698635455580394     
   5.9458460000702464        2.3900858862798038     
   4.1475760955931689       0.57488140066171045     
   4.9001490204013116        1.1263011890409200     
   5.8242137131165919       0.95193099960096195     
   4.3701600013167230        1.2701053485685589     
   3.6238259915492059        4.2193094647245282     
   3.8577059458164351        4.3600971253996654     
   5.0140702896185552        1.1984761491361089     
   4.2408836121929312        4.3065035803090641     
   2.5772006209303422        4.2852264532648920     
   4.4741545473434208        2.7572061006224562     
   3.8059181733037160        4.9183445392990537     
   2.9224266790060272        5.5862466572836667     
   5.7754439087550411       0.68902634428756926     
   4.0780706779963420       -9.0743266870292327E-002
   5.3908266517675250        1.3849006419372161     
   4.3274309779468307        4.1547456352361651     
   3.8884705247938292      -0.21762362681132030     
   5.4416682009114670       0.60164224054813520     
   2.3329522116563708        5.3826152915277428     
   5.2242324962351301       0.36815523987960569     
   4.4114742679398216       0.28432558673516350     
   4.1204854883460946        4.9719497104841768     
   2.5871696684866552        6.0458666734842916     
   6.4188757058405299        1.2534629811456861     
   4.8894386573287676       0.12125940346509800     
   5.0431782957562934       0.89331280840019600     
   2.8220015978237880        5.1733623388459566     
   5.5602473898283353        1.2084092804283530     
   4.7295713902134473       0.99253803202312341     
   3.4586293069108982        5.2314087419195401     
   4.5608870854979227       0.36738954020833381     
   3.3267700358325580        4.6306412312462060     
   3.7948115240795319        2.1053693471947010     
   4.1783458752310647        1.6921437031533531     
   2.6480689087639009        4.0625534408048152     
   5.8467201581438868       0.48970032059647650     
   5.6454510480238653       0.84670229868973701     
   6.2832987789822754        1.8404527363731269     
   5.2084939848104526        5.0720727131719752     
   2.8205515555275031        4.2445315291544334     
   2.7356775212357700        4.8197868142834563     
   5.2656705810754669       0.35159780564355447     
   6.1751247987174152        1.9085372151062650     
   3.3322693793582192        4.9472132665560427     
   3.3336756150834841        5.0335685311861482     
   5.8907139474001591        1.6341206014669689     
   4.5602111107484680        4.0474509475454266     
   4.8141273387519616        1.4212379702610061     
   5.9855348499377428       0.68182558022829509     
   4.2478057902440716        4.7103867638275876     
   3.0045046069307850        4.4795490251457233     
   4.0524761133395932        1.7348509466692239     
   4.7899820468993664        3.6178399504470069     
   5.3979487015884811       0.36351632230831488     
   4.7168894794578149        2.6366432967844982     
   5.2750363111835483       0.58474611033494250     
   3.3025380055711548        5.2267508090076431     
   4.4992322872813224        1.9380688904351300E-003
   4.4908416499813306        5.5410209755541224     
   4.1732949723625232        1.3538699044897560     
   3.7983318308758540        5.1163714399850813     
   3.9549204564730691        3.8245584090365918     
   4.4509576773116510        1.2017151402059969     
   3.1644134606017742        4.3126218722689131     
   5.3891013988908680        1.5892467913883661     
   4.9099108526022839        1.9795890034856169     
   5.2194667207074392        2.1561514839387992     
   3.1867661879642042        5.3547464684986732     
   5.8603114557973353      -0.35631969224980381     
   4.1784932738895444        5.1698174670505130     
   3.2839786019571862        4.1545341241551590     
   6.0159825710196992        1.1249231372930670     
   2.8944304923462210        4.9881415303991501     
   5.3049243564730606       0.42635969132355539     
   4.7723636814886552      -0.86575565370634444     
   3.6220560676714659        4.2813622077656053     
   2.9019566503292880        4.9688872282376710     
   2.2207508143522001        4.8338663896373717     
   5.4696701191004902        1.5913642173033000     
   4.2192301007282573        4.9450293565964198     
   3.3973368470984959        4.3525683342740891     
   4.0921183782076742        4.3854317218732071     
   3.8065763963253838        4.7041143074030858     
   3.8144438626213470       0.69284663480762099     
   5.5229880754963547       0.91113983814185895     
   5.9215173956398939       0.41380132474976650     
   3.2741939068976000        4.7268924839015236     
   4.8935101387941318        1.2313807562972670     
   2.8432225552067072        4.0426154693629659     
   3.6919077476470461        4.5809467406507522     
   3.6022681992588099        4.5357092617637589     
   5.0933402359936588        1.3979567287100441     
   6.0125107197943590        1.1245126750229060     
   5.6629062205520349        1.5322482159897519     
   6.4065072816512938       0.85665234363455545     
   2.3472325475259050        5.2609939735332683     
   4.4800121791630927        4.5939927042682651     
   3.5042617371042799        3.5608774874206159     
   5.3283403467555326      -0.48691989619816711     
   4.6426042777296024        1.4516577303953819     
   5.4030638811921623       0.58229497083886761     
   6.2187379164726657        1.4226352392532100     
   4.6793548498792266        5.0168627121321494     
   5.1246867918569210       0.46996652142368411     
   3.5266017729547210        5.0788852182780122     
   4.2235771300577198        3.9916239867596590     
   4.7552002582794186       0.58399412817706065     
   5.6922906744189543       0.20778843974947270     
   4.2851010635137374        4.3175258614845902     
   5.4262931064406903       0.65059344063656788     
   3.9515063071032821        4.4413686023217469     
   3.2030094668806370        5.2133990084012023     
   4.0285622327207724        1.0497790086136281     
   3.4012095625892700        5.4851439680012479     
   3.8909748560857058        1.6043989662236000     
   3.4780961958786438        4.5466301823167914     
   3.7884190885869500        4.6224047594210953     
   2.9866078449748490        4.1825001940483846     
   3.9543922452265790        4.7487428361702957     
   4.3092048084592331        4.2182832657943017     
   4.9262649107237593        2.0726857267952572     
   6.0757185753291063       0.71994030530884512     
   2.3748791982090500        5.6916478955488747     
   5.9332426048682976       0.72237732196717941     
   4.5118765776711864       0.14545956220451159     
   5.9420792260617201       0.49216570672535731     
   4.6666789895644349       0.83981931936626708     
   2.9729729243357972        5.3402211913861786     
   5.2569460006688873       0.10286275740426110     
   4.3086946754745501        3.8581179995696879     
   4.9365641196494590        4.8651719634320640     
   5.5675804120142596       0.89702616296317039     
   5.1499623922498676       -9.9875888065124707E-002
   5.0205692874382271       0.64811802745640490     
   3.8320846699397899        5.5500843745992627     
   4.4935392122349924        1.1781356635963669     
   5.0257844597189800        1.8443740451070121     
   3.4064539493745318        5.5313825263280387     
   2.7773412211943400        4.2516206420739300     
   6.1897687814495894        1.3958279731762260     
   4.3078558719148576        4.7981075421178261     
   3.6901194687161878       0.63397965556734714     
   4.9596817824526767        1.1935079523224230     
   5.4350668648160934        1.7845854087457060     
   3.6535602860877572        6.1440923001674443     
   4.0723012544967787        6.0411214231863131     
   3.8309676332947031        4.5286967406385283     
   5.2581445508183169       0.63132155911493193     
   4.0883589984153463        4.7025837050597730     
   5.0008859004164190        1.1435008198612560     
   3.8116333984967610        4.9020550378112429     
   5.1351160344106912        5.4347041113873873     
   4.8839620876911178        6.0506297861464553E-002
   4.7630099376636270        1.1794088419898709     
   5.6930620356132877        1.3762952108853430     
   5.7534504584542816        1.0166377664378430     
   3.7522345204678360        6.5607951357394008     
   4.3915980902551990        5.7401275469613644     
   4.4411167333299852        1.2504645330514681     
   3.1730278516055099        4.5451431259207098     
   6.0295125456509169       0.95852782696378958     
   5.6656562831869710        1.6380570067275400     
   5.0549878037889444      -0.15488408393171560     
   5.5399537977917976        1.1423458319872890     
   3.7195372693765840       0.40971775112891828     
   3.8955466791645899        5.6841254515483666     
   5.3493632350985996       0.76342676490154693     
   3.9271365540774368        3.4999120493573259     
   5.8893953026813444       0.34996748222616780     
   5.7133575556515908      -0.38313057089879271     
   5.4385409918757306       0.73219108687487910     
   4.8987501329370478       0.99336251118542807     
   5.8386577792120473        1.1009747201892119     
   5.8085794750340414       0.54694251274236905     
   3.7121122244433780        4.4235937663198488     
   2.9788438589977768        4.6483417905286908     
   4.3262949564930189        3.7726699238926580     
   5.2250041550165509        1.0858617866234399     
   3.4765503925368071        4.3451018400747428     
   3.0886468531037741        5.0589445899551659     
   4.5618869092642429       0.77839704023234324     
   5.4941877196793776       0.85674017341603026     
   5.3263328963421372       0.10903278470445120     
   3.1521759757012981        4.8068814177466859     
   4.9619564338433708        1.9197757493505130     
   5.9095671022754779        1.5460391553308399     
   5.3863215043556778        1.1320618509944289     
   4.8277644884559017       0.41887997848068542     
   4.9990808630604846        5.4114039203868671     
   3.8493598464418142        5.7682132567670834     
   3.1495830286191562        4.7566168389891477     
   3.3659313490948728        5.4913178687832476     
   6.4332423010919211       0.50617445876134415     
   4.2433139053122257        1.5100612577064341     
   4.8573187400964919       0.79346517400869399     
   5.3904575915075776       0.76815121137533415     
   5.1535073995392526      -0.11483401030650200     
   3.6089564289345089        4.7678648815294764     
   3.2904889115324689        4.0287259938053221     
   5.5928522094736897       0.68893067178584655     
   5.9568849203295056        1.6747621655976801     
   5.4057279005415184        1.1410030605715009     
   3.1744461957279242        5.8644363606304246     
   3.2607637812619870        5.5151466925697976     
   3.5477004583924030        4.7073999243822549     
   2.4761486793180061        4.7545858458873331     
   5.1703785100371906       0.22340859053737641     
   3.1060516762308050        4.4990790988542173     
   6.1925348594622918        1.1192187238372791     
   5.3829899154056902        1.0753360127045299     
   4.2371752991789347        4.6219850810617373     
   4.5328347855921676        3.9065210198853082     
   3.7028561902224522        4.7780486542814744     
   4.0556317535017641        5.2670770702390817     
   4.6736311655328322        1.0626280388780340     
   3.0783636720006240        5.4147388115329171     
   4.1230718730108276        5.3675344025852123     
   4.8193462064262977        4.5419357199454877     
   5.4985742584311117        1.4361100706758601     
   3.7781192332738218        1.4514474702895650     
   3.2106026331895978        3.8863397007196880     
   3.2286184829134990        5.2319890892035348     
   5.2280095164985143        1.0063254861278730     
   4.9810617286504399        2.3478794094955360     
   4.2905570031559890      -0.44568227821651402     
   2.7077530634701530        5.8213524737689326     
   4.8561526521686504        1.4020571467495730     
   4.4226153258979224        5.2035304676623841     
   5.1923010242172234       0.35410949392212521     
   3.8132789193245831        4.8803336188711706     
   6.1060377789721194        1.3900523875114550     
   4.4661905425958093        3.7934129501017830     
   5.7300354024501594       0.49687424140396752     
   4.2783284015720833        4.2763616119228196     
   1.9675147009158760        5.9496168555541216     
   4.3898952113704990        1.5150408301320819     
   2.9422369460292548        5.1045238289794126     
   5.2756072749838072       0.93754489195425705     
   6.3428623645178464       0.11780044247358350     
   3.9572596096993351        4.4628883614775656     
   3.4894270712288029        5.1876270155752362     
   1.7119588322852870        4.1316193817916931     
   4.6436146223382364       0.11669248266051110     
   4.5221707494496677      -0.15283886122165780     
   2.8723459290647479        3.8899389968592302     
   3.8584068085774268        4.4407680120212847     
   4.8452633186124583        1.0191294261385171     
   4.0135933214805366        1.9206636244182640     
   3.6604907197382812        1.3424952508184269     
   4.3652730540491831        4.3888155298042069     
   4.9343921631332801        1.5097350222392409     
   3.5686479879745452        3.9761167097822900     
   3.4461167216072650        4.8560947753748138     
   3.5872556800251698        4.6772104977691029     
   2.8216269287149540        4.9761382905821119     
   5.3551240007408509        4.5374031930285437     
   5.3119616330318760        1.8336608011620521     
   6.0708263098919426       0.31761048129867619     
   3.5167483127608139        4.7854765954452283     
   3.2435399171782588        4.2041074676763763     
   5.6988818368976570        2.5061337797299910     
   3.9520862796675771        5.3708082591279567     
   3.1351594836552539        3.6738060702722448     
   4.5874739971837677       0.21651243119435559     
   2.5796893592070642        4.9001851713145061     
   4.2595261250255847        1.1363906078664581     
   4.8272189914102412       0.76275007418791985     
   5.4800558617535096        1.8587250177967281     
   6.2102093779600738        1.6711103090102311     
   3.9376399458568989        1.5971925247182659     
   3.8752084642488569        5.2220011448764074     
   4.0245058437709371        4.5408294456672449     
   4.9675289548915016        1.9218064012289600     
   4.6568266755792891        3.7416605140260799     
   4.5275566685884368        1.1754023081206171     
   3.1331864964975380        5.3772913671896383     
   4.9389757720096217       0.76960936719594741     
   5.4541231484103676        1.2755543720517231     
   5.2216190170014922        1.2910914611843241     
   5.3420920102645466        1.1299369161893751     
   5.7280915959905299        2.2051476182374641     
   5.1500278999253588      -0.50695534766249573     
   1.8562783510881020        5.4309339405328796     
   6.0781350742388209        1.4955755345075150     
   2.7336848423918370        3.9429417229874861     
   3.9576879909398648        3.2306561546400698     
   6.1729531603564816        1.8560949109353200     
   4.8186624641743627        1.6625812936836191     
   5.4482600148305238       0.92104349544699637     
   3.3688786668357520        4.8636017308190640     
   5.1784976769449784      -0.22313564899322150     
   5.4454579452629552      -0.11832544329980819     
   5.4456493062520579        3.8599144928614049     
   3.5159253926018872        5.1984757910952446     
   4.3877622021653284        5.1144140403820257     
   5.2023460842361899        1.6646768619014629     
   4.6789111999276400        1.6196317369168269     
   5.3777050666108037        1.3302993484978320     
   6.3197613078611958       0.46950757957007122     
   4.0021675437134876        4.7440264205845253     
   3.3127311930283070        6.0570205096706928     
   4.5469519744025559        1.8294233023178810     
   2.8718667594043739        5.7648995597364170     
   5.1797047199280684       0.94331761548717497     
   2.9604154578589261        5.1713446252726492     
   4.3969510793059241       0.21936732557245711     
   2.5568274015521379        4.8892479584733719     
   5.5750859450073822       0.66599729672377395     
   4.6210882335205836       0.68103668044874377     
   4.8511973909081263       0.84372777666229126     
   4.9509738074023240        3.7772872245882987E-002
   6.4057825541740936       0.68846929845010996     
   3.5080663962441530        4.9334475656876453     
   3.3754888881092331        5.4252163611379292     
   6.1940560581488153        1.3708824540524360     
   3.5913135168381269        5.4731152365972093     
   5.6822045144856013       0.46379694076889871     
   4.6207253968755353        6.3074506735538582     
   3.6498560062478789       0.98443730123856543     
   3.5077929004048451        4.2187581070750726     
   2.8061454871948772        4.6046267617882988     
   4.1296447253604160        3.7150632648118318     
   5.1113151619072781      -0.12599201325093820     
   3.1306673862256118        4.9466229849633621     
   5.1434192110630281        5.5276704275539146     
   4.9670541737278446       0.66469483677635122     
   4.1452534057187629        5.7088518361771916     
   3.3469301249734529        3.8642845984612100     
   4.2708855892189401        5.1058478961617118     
   5.2829140769576863        1.4789119298948801     
   4.7847422784124118       0.58960766463251124     
   5.5205985292606243        1.4856732562299659     
   5.1128495475148341        1.6380520980619959     
   3.8415162532920450        5.0616347247953088     
   4.9528308023929011       0.35933159969292611     
   3.1813792587023242        3.8993111339792779     
   3.9557857765384070        4.6954284706530576     
   5.0136681156113569        1.7504817836415569     
   6.6412460043167911       0.57351347006371522     
   5.9171474515721272        1.0649659084066541     
   3.2106146146667980        4.3189025342024898     
   3.2320206121768531        4.9738697482312411     
   3.1613840546574110        3.5808046211112199     
   5.3140502892626076       0.15537140596850649     
   2.8247571772979998        5.3460533315347654     
   3.6151985143698950        6.3799267525279513     
   6.0341612840996763        1.4664064788306970     
   5.0252669372341998       0.40271382420848673     
   4.4293732953739973        1.1579149026449280     
   5.4595919168540874        1.0361697159222409     
   4.9878118530653541        1.6489782007471310     
   3.9682065861832032        4.9940311046537174     
   3.0582862250059799        3.7958201495108601     
   4.8544808466473128       0.79763180088610097     
   3.6916964795355600        4.7920655067434819     
   3.9874821819383328        5.9855332883679013     
   3.7419238599819380        5.2858630832626483     
   4.3634847233822871        4.1498247816108922     
   5.0454927669298559        1.0317419554142819     
   4.4380865145102506        1.2111400665433141     
   5.9267943405895931        1.1863934137770309     
   4.5009761032986511        1.5775418602497979     
   5.2458427571202160        1.4087839425010640     
   3.6423017581138550        4.1905111694973707     
   4.1703678097856987        4.8997561833779173     
   6.3195606495919057        2.4759461834085710     
   4.6829034664508367        4.9360261410909656     
   4.1213913559065292        1.7677638864443670     
   5.4803908531970809        1.0960462611959740     
   3.6138661961607852        4.9353791692014486     
   3.2886757907339370        3.7357144297822189     
   3.1666440146209540        5.2425687568031183     
   3.8228531868050979        5.6994854491039373     
   3.7302244416544492        4.2764979729609287     
   5.7655926113546059        1.6892512456801621     
   3.9719749956409132        4.7588496946662273     
   4.8734781543723926       0.31914071810537381     
   6.0514967590485931        2.1588711767839079     
   5.2649482519700843       0.51829528957391036     
   3.8020777274124349        5.4340676261188898     
   3.7387998595069538        4.2599586632897921     
   2.4070981397776050        5.8321885897774548     
   2.9625114985132019        4.9814101005633384     
   3.8552849915804570        4.2506591790302704     
   6.2603038450240378       0.97275922540329196     
   4.5562549183460312        4.6855845880718334     
   3.6763232546479720        4.9577429746160711     
   4.8153518362923329        5.6896049864056630     
   4.1133091646513984        1.5322273781692159     
   4.4992623303713009        3.3773341080415083E-002
   6.4892145026760817       0.49931698710785399     
   3.3692636345513520        4.9861557385063389     
   3.3148999254707969        3.7008593500584319     
   2.4943092202526822        4.3980490344675820     
   3.7951291876576780        5.9910158945473713     
   4.2463727032021072        6.2343830525041328     
   4.7878062248540214        1.5892562255962071     
   3.5576310154816762        4.2246583110504821     
   4.1501736881268698        4.0240390485475643     
   2.9216114749169111        4.0898848995740860     
   7.2127310773896216        1.7706350454032800     
   3.6224871127494800        4.2905706613925423     
   6.0731873544251709        1.4022470634229971     
   1.9089406919899621        5.0208985060029736     
   3.1241657540912140        4.7688006532982232     
   3.3029867680960958        4.9291356939691191     
   5.3071527560687297        2.0771415875142392     
   2.6053525618145961        4.1804085553688832     
   5.5997264692936053        1.5669975498760760     
   4.9207483689074500        1.6140726946110791     
   5.1372730480059428        4.8246464563876152     
   4.3392048878004497        3.4227612658969861     
   4.9257330592290423        1.1606241238213311     
   4.4265848927735876        4.5571621558050319     
   3.7031025064602421        3.6792745233453918     
   4.5445124240298407       0.92979181670873023     
   4.6817650124310379       0.30572197273244672     
   5.1115365890490239        1.5516622403322080E-002
   3.6233661038326570        5.0525971123389786     
   2.1780394114384038        4.7550739157195494     
   6.3472811581536384        1.7024417963086060     
   6.0771327044969334        1.4953047706376810     
   3.6344152440727950        5.8678271640251296     
   4.8157993774812802        1.1408147019292980     
   5.2566108056443248      -0.26876018454193701     
   4.3752855997150517       0.36072091614606050     
   2.8346469949588911        4.6905016995673368     
   3.3950423913381429        4.2843909968181748     
   6.3463216852084150       -2.1962945824224759E-002
   3.5488196001160550        4.9361109342252032     
   5.8771419872706687       0.76581824134406862     
   3.3076654830555960        5.5150501333969384     
   4.4397206530309372        4.4339274881863524     
   3.0151043093273660        4.0218587038022493     
   3.7744858937405819        4.6841161179480046     
   6.6754487339148882       0.69982194654997087     
   3.9906991567839212        4.9177614862651549     
   2.8350221860835418        4.4969218643153468     
   3.6124723113167718        3.9900193043531491     
   5.8563840743796440        1.9707737716886871     
