   4.5138332e+01   1.3607682e+02
   7.3873233e+00   2.3726115e+01
   3.2806502e+00   1.1458837e+01
   5.1531715e+01   1.5550259e+02
   2.8906083e+01   8.7719978e+01
   9.5211219e+01   2.8552039e+02
   3.8077143e+01   1.1645623e+02
   9.3513703e+01   2.8133654e+02
   8.5083014e+01   2.5432221e+02
   7.9926252e+01   2.4082731e+02
   4.9069129e+01   1.4832311e+02
   7.0297657e+01   2.1222702e+02
   6.5262280e+01   1.9618933e+02
   9.7717734e+01   2.9455717e+02
   9.3007868e+01   2.8065224e+02
   1.8990330e+01   5.8206934e+01
   2.4708599e+01   7.5071476e+01
   4.4517188e+01   1.3277787e+02
   6.0407845e+01   1.8313067e+02
   7.9228803e+01   2.3681261e+02
   4.5626014e+01   1.3739874e+02
   2.5854447e+01   8.0221708e+01
   3.3698137e+01   1.0151936e+02
   1.4976937e+00   4.6124537e+00
   6.9551445e+01   2.0984314e+02
   2.4674151e+01   7.5638703e+01
   8.0554153e+01   2.4281943e+02
   4.8469059e+01   1.4452537e+02
   5.8554681e+01   1.7425283e+02
   5.4346616e+01   1.6383313e+02
   2.6887978e+01   8.1527923e+01
   6.4794170e+01   1.9723886e+02
   1.1627484e+01   3.6401094e+01
   1.3440306e+01   4.1288166e+01
   6.6174617e+01   2.0013995e+02
   8.5600171e+01   2.5826348e+02
   8.2739606e+01   2.4807534e+02
   7.6375624e+01   2.2860797e+02
   2.6240239e+01   7.9568838e+01
   7.5138210e+01   2.2492655e+02
   7.4007667e+00   2.3499881e+01
   5.4309171e+01   1.6449573e+02
   8.8284547e+01   2.6397411e+02
   3.1967608e+01   9.7833818e+01
   5.9903932e+01   1.8148978e+02
   6.8695495e+01   2.0785931e+02
   3.8847031e+01   1.1781047e+02
   8.7487907e+00   2.7573756e+01
   6.3383647e+01   1.9223947e+02
   4.2021612e+01   1.2727259e+02
   7.3543200e+00   2.1378556e+01
   1.4258255e+01   4.4602809e+01
   6.6013707e+01   1.9962158e+02
   4.3812169e+01   1.3437241e+02
   8.7491456e+01   2.6273516e+02
   8.8761983e+01   2.6749666e+02
   1.1557450e+01   3.4659783e+01
   6.1825540e+01   1.8687038e+02
   5.6734939e+01   1.7153035e+02
   2.5618511e+01   7.8334890e+01
   2.1674040e+01   6.5910421e+01
   2.1490202e+01   6.4811183e+01
   5.3669543e+01   1.6301043e+02
   5.7778276e+01   1.7465757e+02
   7.5470872e+01   2.2900726e+02
   1.8106962e+01   5.6263348e+01
   7.1009355e+01   2.1392949e+02
   9.1256860e+01   2.7471114e+02
   1.3590150e+00   5.6440024e+00
   4.8705868e+01   1.4806722e+02
   1.3447685e+00   6.4194941e+00
   3.8207857e+01   1.1562748e+02
   4.8552491e+00   1.4766453e+01
   5.5251178e+01   1.6578742e+02
   6.2014344e+00   1.9482919e+01
   9.6498448e+01   2.9051894e+02
   2.3635672e+00   8.6054448e+00
   6.8782840e+01   2.0749013e+02
   4.8590225e+01   1.4859812e+02
   1.4408353e+01   4.4032286e+01
   6.2757719e+01   1.8867649e+02
   9.7882455e+01   2.9399031e+02
   2.5176696e+01   7.6512706e+01
   7.5924257e+01   2.2800220e+02
   7.9495488e+01   2.3822495e+02
   7.6858324e-01   4.4217798e+00
   6.0780775e+01   1.8456284e+02
   2.3507185e+01   7.2239219e+01
   8.8637007e+01   2.6665824e+02
   5.7316579e+01   1.7219121e+02
   7.4322915e+01   2.2467706e+02
   4.1646435e+01   1.2549966e+02
   6.9389155e+01   2.0894714e+02
   9.5281203e+01   2.8723718e+02
   4.8193507e+01   1.4554317e+02
   2.5406512e+01   7.7721950e+01
   3.8200217e+01   1.1325081e+02
   9.0266292e+01   2.7181242e+02
   3.4694781e+01   1.0310626e+02
   4.8701355e+01   1.4667037e+02
   9.2185252e+01   2.7854253e+02
   2.9855077e+01   9.0573473e+01
   2.1963515e+01   6.6200247e+01
   7.2459501e+00   2.4023915e+01
   9.6620416e+01   2.9089008e+02
   7.1985668e+01   2.1751837e+02
   7.8657403e+01   2.3666434e+02
   1.1293959e+01   3.4626611e+01
   9.9201300e+01   2.9919217e+02
   2.3561275e+01   7.1395622e+01
   9.4313797e+01   2.8437886e+02
   3.8307542e+00   1.1608345e+01
   4.4624118e+01   1.3503548e+02
   9.1749165e+01   2.7677338e+02
   9.0746336e+01   2.7550736e+02
   6.0257522e-01   4.4659169e+00
   9.8770601e+01   2.9765987e+02
   8.7724243e+01   2.6487223e+02
   2.1159804e+01   6.3857980e+01
   2.8883787e+00   1.1049323e+01
   1.7524929e+01   5.4931096e+01
   2.7718195e+01   8.5524327e+01
   9.3296514e+01   2.7918479e+02
   9.2405426e+01   2.7848729e+02
   4.4451212e+01   1.3550378e+02
   6.6063491e+01   1.9865707e+02
   5.1972097e+01   1.5770776e+02
   4.7091558e+01   1.4370727e+02
   1.5317525e+01   4.5772667e+01
   6.1318574e+01   1.8498701e+02
   2.7648424e+01   8.5662042e+01
   7.2521514e+01   2.1887268e+02
   5.3059938e+01   1.6035218e+02
   6.7269805e+01   2.0235721e+02
   9.9670632e+01   2.9808028e+02
   5.4753781e+00   1.7796513e+01
   9.1809402e+01   2.7727849e+02
   6.7890003e+01   2.0575533e+02
   7.4779717e+01   2.2558020e+02
   2.0542278e+01   6.1041278e+01
   4.3024906e+00   1.3938675e+01
   9.7774088e+01   2.9431370e+02
   4.7420312e+01   1.4173264e+02
   8.5554143e+01   2.5754272e+02
   2.6550352e+01   7.9621103e+01
   6.8835496e+01   2.0680872e+02
   8.2315013e+01   2.4905374e+02
   3.8190200e+00   1.3012219e+01
   1.3843117e+01   4.2790388e+01
   7.0304627e+01   2.1228051e+02
   5.0801475e+01   1.5121273e+02
   3.7332990e+01   1.1226399e+02
   6.1800251e+01   1.8676435e+02
   9.3382050e+01   2.8179431e+02
   9.1456024e+01   2.7530982e+02
   8.2191176e+01   2.4678967e+02
   3.0703683e+01   9.4480155e+01
   8.6108918e+00   2.4856520e+01
   6.7037479e+01   2.0357370e+02
   2.9673035e+01   8.9565790e+01
   5.2895247e+01   1.5832048e+02
   9.2027018e+01   2.7699421e+02
   9.1476540e+01   2.7729613e+02
   7.3743778e+01   2.2073238e+02
   5.4557587e+01   1.6517938e+02
   2.8443444e+01   8.6449788e+01
   2.3363382e+01   7.1365000e+01
   2.6803855e+01   8.1958335e+01
   5.4565088e+01   1.6520575e+02
   6.6680575e+01   2.0134543e+02
   2.8524527e-01   2.4975727e+00
   5.5584861e+01   1.6854255e+02
   8.1861036e+01   2.4523468e+02
   1.3402045e+01   4.0747901e+01
   8.4678315e+01   2.5363258e+02
   8.0106767e+01   2.4174288e+02
   6.0151202e+01   1.8245138e+02
   8.2348519e+01   2.4903702e+02
   3.6428838e+01   1.0928320e+02
   1.8588316e+01   5.6240574e+01
   7.6367536e+01   2.3002325e+02
   1.8989136e+01   5.8731067e+01
   4.8696077e+01   1.4760824e+02
   3.4180082e+01   1.0312395e+02
   8.4293661e+01   2.5459824e+02
   1.5399303e+01   4.7247770e+01
   2.6586356e+01   8.2125370e+01
   1.5570840e+01   4.7093789e+01
   6.3311298e+01   1.9154539e+02
   8.1298098e+01   2.4469832e+02
   6.9907158e+01   2.1174654e+02
   5.2215597e+01   1.5726729e+02
   2.6087066e+01   7.8204840e+01
   3.1770924e+01   9.7862681e+01
   8.9811169e+01   2.6988079e+02
   7.2314522e+01   2.1791268e+02
   3.2594543e-01   3.1178991e+00
   7.8871607e+01   2.3793911e+02
   6.6030198e+01   1.9907943e+02
   8.3778580e+01   2.5334655e+02
   9.6528935e+01   2.9006295e+02
   3.6506295e+01   1.1082503e+02
   3.1988582e+00   1.0249854e+01
   8.8653350e+01   2.6750905e+02
   4.1489660e+01   1.2715672e+02
   7.6099000e+01   2.2784036e+02
   2.8613053e+01   8.8162153e+01
   1.3691597e+01   4.0749046e+01
   7.6017302e+01   2.2930835e+02
   7.3693237e+01   2.2201722e+02
   5.8195487e+00   1.9610944e+01
   6.7099884e+01   2.0262119e+02
   3.1940138e+01   9.7277944e+01
   7.2792371e+01   2.1980304e+02
   4.7173692e+01   1.4304161e+02
   2.9261968e+01   8.8195264e+01
   1.7544412e+01   5.4471500e+01
   7.6156242e+01   2.2867123e+02
   7.9646764e+01   2.4102759e+02
   3.9455339e+01   1.2125393e+02
   8.1743122e+01   2.4796529e+02
   5.2511996e+01   1.5914835e+02
   6.4944810e+01   1.9726938e+02
   8.7608940e+01   2.6473868e+02
   2.1217456e+01   6.5767145e+01
   6.8546783e+01   2.0646017e+02
   6.2000048e+01   1.8608072e+02
   5.7467016e+01   1.7193467e+02
   5.2258897e+01   1.5871120e+02
   5.7009872e+01   1.7051711e+02
   3.3422552e+01   1.0187515e+02
   8.2475212e+01   2.4776286e+02
   3.4360156e+01   1.0336207e+02
   9.1319747e+01   2.7328884e+02
   2.1536125e+01   6.5062499e+01
   2.9845205e+01   9.1104926e+01
   9.9976126e+01   2.9937786e+02
   6.5104286e+01   1.9525205e+02
   4.0562904e+01   1.2303020e+02
   5.6284975e+01   1.7117965e+02
   9.8899207e+01   2.9619015e+02
   3.9212309e+00   1.3295848e+01
   2.5447443e+01   7.8204750e+01
   6.2685999e+01   1.8983351e+02
   6.2100821e+01   1.8767743e+02
   2.4853839e+00   7.9463313e+00
   2.5998653e+01   7.9381575e+01
   6.2651161e+01   1.8895593e+02
   6.1829460e+00   1.9619959e+01
   5.5201666e+01   1.6515324e+02
   9.1232505e+01   2.7477534e+02
   4.6274894e+01   1.4024274e+02
   3.7362836e+01   1.1337446e+02
   9.7578767e+01   2.9236024e+02
   3.7244837e+01   1.1289894e+02
   2.9941054e+01   8.9597736e+01
   2.6352886e+01   7.9969317e+01
   7.7433479e+01   2.3276700e+02
   2.1826935e+01   6.7005133e+01
   2.1497155e+00   7.4545795e+00
   9.9237016e+01   2.9782388e+02
   8.5189885e+01   2.5651186e+02
   3.2334334e+01   9.6926580e+01
   7.6980990e+01   2.3204220e+02
   2.6481660e+01   8.2579239e+01
   2.7375292e+01   8.4101723e+01
   2.7913259e+01   8.3580278e+01
   9.1980940e+00   2.8187894e+01
   5.0116319e+01   1.5250146e+02
   3.3173042e+01   1.0113558e+02
   4.3297473e+01   1.2941419e+02
   5.6085425e+01   1.7064874e+02
   8.9327790e+01   2.6923194e+02
   7.8219184e+01   2.3648676e+02
   5.8400358e+01   1.7561153e+02
   6.5379265e+01   1.9749021e+02
   3.2128821e+01   9.8036626e+01
   9.0832744e+01   2.7298219e+02
   2.1902385e+01   6.7133591e+01
   4.8792811e+01   1.4786490e+02
   4.4037029e+01   1.3261502e+02
   3.0634790e+01   9.3493571e+01
   8.8377062e+00   2.7360936e+01
   4.8957575e+00   1.5571075e+01
   1.0229404e+01   3.2058475e+01
   9.4199190e+01   2.8350075e+02
   1.3086947e+01   4.0947987e+01
   3.6878548e+01   1.1332333e+02
   8.6818373e+01   2.6136795e+02
   8.2711477e+01   2.4915133e+02
   6.9575571e+01   2.1030900e+02
   3.4941681e+01   1.0808418e+02
   5.6124604e+01   1.6949608e+02
   3.8101767e+01   1.1385789e+02
   4.1460482e+01   1.2502019e+02
   4.4500455e+01   1.3390942e+02
   5.6147508e-01   1.8943533e+00
   2.8803964e+01   8.7224281e+01
   3.2213875e+01   9.7874606e+01
   4.2513456e+01   1.2965920e+02
   4.6212019e+00   1.4829862e+01
   8.5476808e+01   2.5629042e+02
   4.5648881e+01   1.3668595e+02
   2.9432667e+01   8.8549679e+01
   9.3837806e+01   2.8341860e+02
   1.9433880e+01   5.9250572e+01
   8.5544374e+01   2.5909238e+02
   6.3291145e+01   1.8978920e+02
   4.3299486e+01   1.3137074e+02
   1.9139473e+01   5.8115145e+01
   2.3291859e+01   7.2088713e+01
   8.7641766e+01   2.6297737e+02
   9.3755771e+01   2.8283430e+02
   5.9689145e+01   1.7836662e+02
   8.5177906e+01   2.5687808e+02
   3.2999110e+01   9.8836721e+01
   4.7031108e+01   1.4350223e+02
   6.9203529e+01   2.0804626e+02
   5.0516073e+01   1.5481117e+02
   7.5531320e-02   1.6058693e+00
   6.1000753e+01   1.8505388e+02
   5.2877614e+01   1.5918291e+02
   3.9422544e+01   1.1803895e+02
   5.1713025e+01   1.5601211e+02
   8.9778096e+01   2.7061865e+02
   5.9740187e+01   1.7970286e+02
   9.8285629e+01   2.9529716e+02
   4.8984863e+01   1.4691349e+02
   2.3556432e+01   7.0667995e+01
   2.4979884e+00   7.9064288e+00
   6.3577497e+01   1.9226283e+02
   2.9441947e+01   8.9280552e+01
   5.2015891e+01   1.5733874e+02
   2.6785799e+01   8.1058882e+01
   3.4239034e+01   1.0424964e+02
   3.0959177e+01   9.4668272e+01
   1.4940442e+01   4.6845991e+01
   5.6444624e+01   1.6948733e+02
   4.0589959e+01   1.2433331e+02
   7.6986677e+01   2.3169335e+02
   7.4737146e+01   2.2626536e+02
   8.1520235e+01   2.4519478e+02
   1.1299671e+01   3.6283549e+01
   9.1845132e+01   2.7478062e+02
   2.7828958e+01   8.3127041e+01
   8.6103851e+01   2.5883542e+02
   3.1549805e+01   9.4405861e+01
   8.6008801e+01   2.5779580e+02
   4.8190151e+00   1.5012641e+01
   5.6415533e+00   1.8296054e+01
   3.0074937e+00   8.9072818e+00
   7.8629744e+01   2.3505751e+02
   6.5049392e+01   1.9521544e+02
   3.1544787e+01   9.6569942e+01
   6.6946596e+01   2.0168437e+02
   1.9745900e+01   5.9138310e+01
   5.6583074e+01   1.6974694e+02
   5.0541960e+01   1.5244796e+02
   7.5086045e+01   2.2653841e+02
   5.6479375e+01   1.7225383e+02
   4.0943360e+01   1.2449444e+02
   7.8901964e+01   2.3774068e+02
   3.6353091e+01   1.0998011e+02
   5.8597512e+01   1.7693153e+02
   6.8775670e+01   2.0836180e+02
   7.5537410e+01   2.2738426e+02
   8.0111301e+01   2.4208395e+02
   2.1941799e+01   6.7044844e+01
   8.0991171e+01   2.4490795e+02
   1.5588228e+01   4.7570008e+01
   6.9009653e+01   2.0785698e+02
   5.8043741e+01   1.7357630e+02
   8.3655513e+01   2.5299418e+02
   7.9280831e+01   2.3975888e+02
   8.8626801e+01   2.6647796e+02
   1.6759031e+01   5.0524033e+01
   4.1565815e+01   1.2724109e+02
   6.5717292e+01   1.9831888e+02
   5.1200323e+01   1.5488415e+02
   4.3145579e+00   1.3890915e+01
   3.5927457e+01   1.0856577e+02
   1.8335173e+01   5.7777381e+01
   2.7556716e+01   8.4003443e+01
   8.7182478e+01   2.6262195e+02
   2.7721501e+01   8.5461563e+01
   7.2391257e+01   2.1738286e+02
   3.1526446e+00   1.0710318e+01
   3.6998047e+01   1.1321844e+02
   2.4064535e+01   7.4136011e+01
   3.9769088e+01   1.1999032e+02
   5.2704073e+00   1.7233848e+01
   6.6431583e+01   2.0120171e+02
   1.1348271e+01   3.5673419e+01
   6.6402637e+01   2.0000709e+02
   3.7066415e+01   1.1302710e+02
   5.8181515e+01   1.7698911e+02
   1.8101725e+01   5.6636764e+01
   2.1159917e+01   6.4676547e+01
   5.1874665e+01   1.5681598e+02
   1.4925111e+01   4.3764334e+01
   9.4646596e+01   2.8560566e+02
   5.8636030e+01   1.7674997e+02
   1.4520571e+01   4.4862051e+01
   4.0903258e+01   1.2422596e+02
   9.9411332e+01   2.9918538e+02
   1.8745443e+01   5.7291583e+01
   1.6536017e+01   5.1760515e+01
   6.3308771e+01   1.9155725e+02
   3.5051844e+01   1.0665292e+02
   2.7913008e+01   8.3904687e+01
   2.1919565e+01   6.6339672e+01
   3.7457995e+01   1.1435311e+02
   5.9962881e+01   1.8115205e+02
   1.0024675e+01   3.2176463e+01
   5.1879068e+00   1.5357312e+01
   9.4570677e+01   2.8580973e+02
   1.8160348e+00   8.2312456e+00
   8.9982335e+01   2.6967195e+02
   2.4355112e+01   7.3844466e+01
   7.1822345e+01   2.1861310e+02
   9.1642289e+01   2.7516401e+02
   3.6586419e+01   1.1113334e+02
   8.3694347e+01   2.5256568e+02
   6.7513628e+01   2.0234031e+02
   9.4833603e+01   2.8628235e+02
   6.5699194e+01   1.9774167e+02
   6.7244294e+01   2.0309136e+02
   6.3209239e+01   1.9059985e+02
   8.7328539e+01   2.6286614e+02
   7.9670375e+01   2.3780812e+02
   2.9507518e+01   9.0080415e+01
   8.1373780e+01   2.4430128e+02
   4.3486347e+01   1.3226904e+02
   8.6018170e+01   2.5865299e+02
   8.3560856e+01   2.5117994e+02
   2.2802187e+01   6.7874321e+01
   7.1778064e+01   2.1750838e+02
   3.9051054e+01   1.1567289e+02
   6.5718117e+01   1.9797801e+02
   7.7969812e+01   2.3481977e+02
   4.0281747e+01   1.2120134e+02
   1.3836047e+01   4.2856247e+01
   7.4160501e+00   2.2671265e+01
   8.9089242e+01   2.6811898e+02
   9.3127260e+01   2.8115874e+02
   6.1700028e+01   1.8578692e+02
   7.3236718e+01   2.2178128e+02
   9.9847276e+01   3.0027693e+02
   7.4689326e+01   2.2505401e+02
   6.5154056e+01   1.9712718e+02
   1.5476262e+01   4.8333283e+01
   8.2977158e+01   2.4802145e+02
   6.6839640e+01   2.0117401e+02
   9.4407498e+01   2.8429689e+02
   3.7776919e+01   1.1404125e+02
   1.6098541e+01   4.7808309e+01
   2.7196388e+01   8.2128957e+01
   5.9796919e+01   1.8320572e+02
   7.0785041e+01   2.1214305e+02
   9.2628551e+01   2.7699118e+02
   8.3952100e+01   2.5364978e+02
   7.7663787e+01   2.3464315e+02
   6.0056531e+01   1.8023908e+02
   9.3521007e+01   2.8277354e+02
   1.1427968e+00   4.9543395e+00
   2.5720291e+01   7.6813979e+01
   6.3420524e+01   1.9114344e+02
   5.9570110e+01   1.7824314e+02
   3.7414303e+01   1.1393230e+02
   4.0815308e+01   1.2237641e+02
   2.9772881e+01   9.1419666e+01
   1.0263984e+01   3.1067979e+01
   9.0093869e+01   2.7049359e+02
   7.3463732e+01   2.2026786e+02
   4.0965805e+01   1.2379821e+02
   8.1673315e+01   2.4594336e+02
   7.3206904e+01   2.2048452e+02
   8.4629411e+01   2.5500419e+02
   8.6194325e-01   2.3485681e+00
   2.1519600e+01   6.5546215e+01
   6.9545589e+01   2.0860262e+02
   7.7712420e+00   2.4247499e+01
   8.2040923e+01   2.4878334e+02
   1.5674793e+00   5.4093169e+00
   5.2816908e+01   1.5802126e+02
   4.2505066e+01   1.2855540e+02
   2.4901476e+01   7.5391419e+01
   5.6284921e-01   2.1176127e+00
   6.0315464e+01   1.8183168e+02
   2.4085669e+01   7.2335115e+01
   5.1229798e+01   1.5506884e+02
   4.6880981e+00   1.3977851e+01
   4.9808558e+01   1.4971928e+02
   1.9815334e+01   6.2391725e+01
   3.0355079e+01   9.0694168e+01
   8.3949126e+01   2.5232520e+02
   6.7971980e+01   2.0462436e+02
   2.8351159e+01   8.4407727e+01
   6.4464777e+01   1.9447324e+02
   9.2027725e+01   2.7671861e+02
   5.3362449e+01   1.6039412e+02
   7.2198019e+01   2.1693042e+02
   1.7680616e+00   7.5430786e+00
   5.7285198e+01   1.7351200e+02
   2.5516095e+01   7.7055949e+01
   2.3170943e+01   7.2542413e+01
   1.7218146e+01   5.3197722e+01
   3.1519941e+01   9.2591407e+01
   1.8393349e+01   5.6345036e+01
   1.7329340e+01   5.2338766e+01
   9.2210743e+00   2.9322258e+01
   3.0865878e+01   9.2715443e+01
   6.5889294e+01   1.9567268e+02
   3.5589170e+00   1.2138482e+01
   5.9651639e-01   2.1709568e+00
   4.0739825e+01   1.2437030e+02
   4.1617151e+01   1.2619447e+02
   7.1479144e+01   2.1452897e+02
   1.8012461e+01   5.4408103e+01
   4.9102592e+01   1.5039540e+02
   7.2936200e+01   2.2004236e+02
   2.0435500e+00   7.1194829e+00
   6.1975732e+01   1.8723015e+02
   4.0891586e+01   1.2363069e+02
   9.5190888e+01   2.8856061e+02
   5.1937128e+01   1.5608991e+02
   8.3571276e+01   2.5131115e+02
   1.5713311e+01   4.8291539e+01
   8.1071232e+01   2.4316948e+02
   3.8452000e+00   1.1612836e+01
   1.1491090e+01   3.5838975e+01
   8.7991284e+01   2.6632363e+02
   3.5545941e+01   1.0720313e+02
   6.8054331e+01   2.0658322e+02
   6.9014732e+01   2.0847559e+02
   5.6025467e+01   1.6931205e+02
   1.4961215e+01   4.5419379e+01
   7.5257475e+01   2.2686068e+02
   7.7386563e+01   2.3377545e+02
   6.0926843e+01   1.8206286e+02
   9.9477412e+01   2.9942439e+02
   7.3734858e+01   2.2209105e+02
   5.4649136e+01   1.6420517e+02
   1.2991748e+00   4.0523401e+00
   3.7138418e+01   1.1229423e+02
   9.8096841e+01   2.9668495e+02
   5.2606548e+01   1.6123617e+02
   2.5401535e+01   7.6931700e+01
   5.9767805e+00   1.8762470e+01
   9.8123647e+01   2.9458169e+02
   4.7950168e+01   1.4434922e+02
   9.6993129e+01   2.9197311e+02
   8.7652050e+01   2.6658196e+02
   8.1767800e+01   2.4637881e+02
   9.3997688e+01   2.8255258e+02
   7.3788166e+01   2.2344577e+02
   7.1070913e+01   2.1463165e+02
   8.9469348e+01   2.7063199e+02
   9.6454588e+01   2.8945606e+02
   9.7046058e+01   2.9183835e+02
   9.0179416e+00   2.6998622e+01
   9.7343515e+01   2.9183773e+02
   9.4872799e+01   2.8696873e+02
   2.1968616e+01   6.5243864e+01
   5.5264099e+01   1.6685559e+02
   6.8986587e+01   2.0848681e+02
   3.9424704e+01   1.1963797e+02
   2.9431815e+01   8.9745272e+01
   8.4185206e+00   2.5125587e+01
   2.5161809e+01   7.7796397e+01
   6.8624896e+01   2.0585569e+02
   9.0359376e+01   2.7097820e+02
   6.3374933e+01   1.9111411e+02
   3.4607794e+01   1.0386744e+02
   8.6579721e+01   2.6290413e+02
   5.4231431e+01   1.6385121e+02
   2.9817559e+01   9.0098610e+01
   5.7102423e+00   1.8182269e+01
   4.0685687e+01   1.2253641e+02
   3.7261940e+01   1.1190174e+02
   7.2293887e+01   2.1706104e+02
   4.4895554e+01   1.3610640e+02
   6.8062418e+01   2.0444743e+02
   4.8145885e+01   1.4626750e+02
   6.4572667e+01   1.9353463e+02
   7.5858380e+01   2.2953453e+02
   1.5334333e+01   4.8261281e+01
   8.1980047e+01   2.4680561e+02
   5.2441788e+00   1.6146564e+01
   6.1462417e+01   1.8390914e+02
   8.1976215e+01   2.4537601e+02
   2.3673456e+00   8.6337464e+00
   9.2188962e+01   2.7859533e+02
   4.6545347e+01   1.4159764e+02
   4.8816678e+01   1.4745414e+02
   8.9754860e+01   2.6908101e+02
   4.7821566e+00   1.5515810e+01
   3.3015307e+00   1.1591292e+01
   9.5876787e+01   2.8860201e+02
   1.5968773e+01   4.9392816e+01
   7.9620274e+01   2.3953643e+02
   9.6493493e+01   2.9172692e+02
   3.0657039e+01   9.1003700e+01
   4.4863484e+01   1.3538520e+02
   1.2682298e+01   3.8610869e+01
   6.5942635e+00   2.2045242e+01
   9.6159673e+01   2.9127785e+02
   3.5260013e+01   1.0688830e+02
   4.5183612e+01   1.3741925e+02
   2.5350210e+01   7.6990225e+01
   5.0859377e+01   1.5575296e+02
   6.8356782e+01   2.0610506e+02
   3.7595153e+01   1.1301171e+02
   3.2071269e+01   9.7814661e+01
   6.5128159e+01   1.9662915e+02
   4.3883321e+01   1.3174427e+02
   9.4048359e+01   2.8154489e+02
   4.3167922e+01   1.3162367e+02
   6.7484984e+01   2.0286981e+02
   4.1313203e+01   1.2547299e+02
   5.9545701e+00   1.7290558e+01
   8.2024758e+01   2.4763773e+02
   9.0964144e-01   2.8690592e+00
   5.8381926e+01   1.7446990e+02
   8.4053280e+01   2.5386793e+02
   6.7767771e+01   2.0441179e+02
   6.7258078e+01   2.0355599e+02
   9.2814844e+01   2.7895091e+02
   5.3039684e+01   1.6026267e+02
   8.7271528e+01   2.6289915e+02
   5.0822433e+01   1.5297305e+02
   8.8383334e+01   2.6578335e+02
   9.7778679e+01   2.9251423e+02
   2.5388174e+01   7.6794349e+01
   8.5773250e+01   2.5649960e+02
   9.6824234e+01   2.9171559e+02
   6.1943322e+01   1.8746137e+02
   1.9359956e+00   6.8887030e+00
   8.9903466e+01   2.7107619e+02
   1.8733901e+01   5.6913346e+01
   9.0436267e+01   2.7334251e+02
   1.7102928e+01   5.2316587e+01
   5.1167480e+01   1.5274186e+02
   8.9236126e+01   2.7032085e+02
   7.9009600e+01   2.3762259e+02
   4.3406057e+01   1.3253870e+02
   7.5079751e+01   2.2631223e+02
   2.9396483e+01   9.1005396e+01
   8.7975699e+00   2.8072225e+01
   8.1515226e+01   2.4557100e+02
   1.3356993e+01   4.0505207e+01
   5.4133913e+01   1.6362448e+02
   6.5545562e+01   1.9679707e+02
   9.2883554e+01   2.8023294e+02
   3.1260760e+01   9.5290801e+01
   5.6107664e+01   1.6898607e+02
   5.3234941e+01   1.6036776e+02
   4.1187081e+01   1.2623782e+02
   3.9936857e+01   1.1831187e+02
   9.2330646e+01   2.7963585e+02
   1.9340579e+01   5.8323089e+01
   6.0775000e+01   1.8160914e+02
   8.2391952e+01   2.4930057e+02
   8.2734530e+01   2.5135307e+02
   3.5426090e-02   1.8741767e+00
   6.9611788e+01   2.0807635e+02
   5.0242366e+01   1.5201588e+02
   6.0174312e+01   1.8075111e+02
   8.0229148e+01   2.4011390e+02
   4.8680647e+01   1.4759697e+02
   6.3795452e+01   1.9229278e+02
   4.2412952e+01   1.2876165e+02
   1.8234383e+01   5.6599294e+01
   5.9515904e+01   1.7804904e+02
   6.6031618e+01   2.0026536e+02
   3.8178608e+01   1.1558444e+02
   1.6422787e+01   4.8436187e+01
   5.3109210e-01   3.2940031e+00
   3.7274197e+01   1.1135216e+02
   3.1954552e+01   9.6019332e+01
   9.1524644e+00   2.8512666e+01
   9.0460180e+01   2.7171308e+02
   7.3520230e+01   2.2396762e+02
   5.9152665e+01   1.7876196e+02
   5.2328015e+01   1.5820273e+02
   3.7412523e+01   1.1229383e+02
   6.7643647e+01   2.0419766e+02
   4.9732291e+01   1.4906692e+02
   5.4629237e+01   1.6733699e+02
   4.7963285e+01   1.4683767e+02
   1.9291115e+01   5.8858675e+01
   5.1516243e+01   1.5621960e+02
   9.6594879e+00   2.9029206e+01
   2.9944504e+01   9.0443110e+01
   6.4150515e+01   1.9389343e+02
   5.7063022e+01   1.7279706e+02
   7.7310331e+01   2.3325853e+02
   2.1066984e+01   6.3399101e+01
   8.2682325e+01   2.4893563e+02
   8.4853113e+01   2.5635487e+02
   3.7720830e+01   1.1166724e+02
   2.2969515e+01   7.1742760e+01
   8.9319334e+01   2.6955566e+02
   4.5166356e+01   1.3430815e+02
   9.1539979e+01   2.7759034e+02
   3.5695725e+01   1.0913003e+02
   8.6633043e+01   2.6098750e+02
   7.4890421e+01   2.2486614e+02
   8.2650786e+00   2.5638031e+01
   8.2135141e+01   2.4551125e+02
   8.7469277e+01   2.6226961e+02
   5.4087552e+01   1.6177037e+02
   1.1514104e+01   3.5855133e+01
   8.8323686e+01   2.6554297e+02
   5.0412715e+01   1.5190004e+02
   9.6588122e+01   2.9071129e+02
   6.0681374e+01   1.8108867e+02
   1.9364937e+01   5.9875370e+01
   5.7420020e+01   1.7239471e+02
   2.3766190e+01   7.3201226e+01
   3.2275481e+01   9.7647612e+01
   5.5935705e+01   1.6961853e+02
   3.7465600e+01   1.1407760e+02
   6.2797528e+01   1.8859074e+02
   7.3237439e+01   2.2049288e+02
   2.1677452e+01   6.7796863e+01
   8.3553296e+01   2.5002142e+02
   2.6785126e+01   8.0202204e+01
   8.4977087e+01   2.5592577e+02
   8.9085660e+00   2.7723248e+01
   3.3569310e+01   1.0133412e+02
   4.9753240e+01   1.5089539e+02
   1.7933043e+01   5.4864813e+01
   4.3977783e+01   1.3412916e+02
   1.1626181e+01   3.4262072e+01
   3.9723543e+01   1.1927399e+02
   6.6469464e+01   1.9954586e+02
   2.5888323e+01   7.8599815e+01
   3.7177891e+01   1.1302745e+02
   6.5858719e+01   1.9746857e+02
   8.3487844e+01   2.5250801e+02
   3.8168376e+00   1.3617649e+01
   5.4303878e+01   1.6590206e+02
   1.4604391e+01   4.5830422e+01
   3.2998596e+01   1.0108006e+02
   3.9739028e+01   1.1949287e+02
   9.3281564e+01   2.8103604e+02
   2.9955115e+01   9.0107475e+01
   6.4112737e+01   1.9205906e+02
   1.2535455e+00   4.8318233e+00
   7.1343605e+01   2.1516294e+02
   3.9226039e+01   1.2036942e+02
   2.7080978e+01   8.0745906e+01
   9.6713912e+01   2.9140691e+02
   9.4668494e+01   2.8601145e+02
   5.9127911e+01   1.7725356e+02
   7.1719281e+01   2.1549615e+02
   5.7920674e+01   1.7621899e+02
   7.2733253e+01   2.1991890e+02
   8.1486530e+01   2.4479205e+02
   2.8422777e+01   8.5688612e+01
   5.0424913e+00   1.6608246e+01
   3.1320243e+01   9.3064301e+01
   3.4561246e+01   1.0502566e+02
   1.3174885e+01   4.1467293e+01
   6.6784473e+01   2.0119901e+02
   5.0412368e+01   1.5214149e+02
   8.5402860e+01   2.5749735e+02
   8.1363279e+01   2.4419009e+02
   6.7747087e+01   2.0394916e+02
   7.7566138e+01   2.3078665e+02
   1.5690388e+01   4.9079402e+01
   1.6645739e+00   5.1638140e+00
   9.7796468e+01   2.9483297e+02
   8.4097208e+01   2.5627779e+02
   8.0980731e+01   2.4434605e+02
   5.7351159e+01   1.7184019e+02
   9.3097348e+01   2.8071494e+02
   2.8667041e+01   8.7468421e+01
   5.9559261e+01   1.7838422e+02
   7.9609102e+01   2.4113793e+02
   3.9870227e+01   1.2181556e+02
   5.9530849e+01   1.7742940e+02
   8.8761531e+01   2.6750997e+02
   3.4217664e+01   1.0228808e+02
   1.6213782e+01   4.8468187e+01
   2.3849511e+01   7.1745963e+01
   8.8947924e+01   2.6725360e+02
   9.8857474e+01   2.9914109e+02
   1.3386483e+01   4.1362804e+01
   7.2205328e+01   2.1694713e+02
   7.1052183e+01   2.1367602e+02
   1.7117725e+01   5.3691047e+01
   8.6020287e+01   2.5979458e+02
   2.2050834e+01   6.6027213e+01
   2.3233713e+01   6.9316800e+01
   1.7403558e+01   5.3890053e+01
   4.6421854e+01   1.3970812e+02
   6.1191203e+01   1.8505552e+02
   8.5657151e+01   2.5765886e+02
   7.6624827e+01   2.3107126e+02
   6.2374173e-01   2.4058418e+00
   5.3763481e+00   1.8703618e+01
   1.2445292e+01   3.8777696e+01
   7.6903950e+01   2.3426911e+02
   9.6640217e+01   2.9082827e+02
   2.3837661e+01   7.2348556e+01
   1.4359439e+01   4.4261520e+01
   9.3987179e+01   2.8254504e+02
   2.5688895e+01   7.9867549e+01
   6.8189203e+01   2.0455505e+02
   5.2536223e+01   1.5905653e+02
   5.8300350e+01   1.7693109e+02
   5.4508932e+01   1.6535690e+02
   6.9753530e+01   2.1119625e+02
   2.7924026e+01   8.4213534e+01
   8.6648572e+01   2.6110549e+02
   9.1245821e+01   2.7541512e+02
   4.1955107e+01   1.2673288e+02
   6.8657313e+01   2.0615855e+02
   6.1853451e+01   1.8671308e+02
   3.1528953e+01   9.5388768e+01
   5.9281527e+01   1.7845508e+02
   4.1210975e+01   1.2502269e+02
   5.4484041e+01   1.6313167e+02
   1.3122766e+01   3.9658807e+01
   4.1010618e+01   1.2191457e+02
   8.3974993e+01   2.5302361e+02
   6.6106735e+01   1.9991370e+02
   3.3601813e+01   1.0386191e+02
   5.6265917e+01   1.6940333e+02
   7.2083250e+00   2.2813759e+01
   9.2047232e+00   2.8749438e+01
   8.7505030e+01   2.6216953e+02
   8.8971412e+01   2.6762235e+02
   9.7554438e+00   3.1183354e+01
   3.9981088e+01   1.2021210e+02
   9.3739753e+01   2.8252668e+02
   7.9612302e+00   2.5857015e+01
   7.9790852e+00   2.4682064e+01
   9.2985379e+01   2.8051656e+02
   9.8698721e+00   3.0083442e+01
   9.1034974e+00   2.8557928e+01
   9.6166007e+01   2.8895043e+02
   5.6374682e+01   1.7161964e+02
   7.6571900e+01   2.3032021e+02
   6.9592919e+01   2.1032059e+02
   3.1069919e+01   9.5614665e+01
   2.3274544e+01   7.0296974e+01
   9.5451076e+01   2.8781279e+02
   4.9564704e+01   1.5064830e+02
   6.0867982e+01   1.8369661e+02
   9.6350784e+01   2.8975681e+02
   6.6514545e+01   2.0137866e+02
   4.8236054e+01   1.4650692e+02
   7.1009834e+00   2.0737441e+01
   3.8462465e+00   1.1666481e+01
   3.8335265e+01   1.1818360e+02
   4.8033691e+01   1.4381319e+02
   2.9172245e+01   8.8007497e+01
   1.5190982e+01   4.6858522e+01
   1.2021943e+01   3.6642828e+01
   1.3708405e+01   3.9592124e+01
   8.8665145e+01   2.6738635e+02
   4.4469268e+01   1.3394564e+02
   6.2427455e+01   1.8653497e+02
   3.2367805e+01   9.8156451e+01
   6.7873776e+00   2.0846253e+01
   1.9897776e+01   5.9328168e+01
   4.4081008e+01   1.3295337e+02
   9.1402614e+01   2.7468272e+02
   5.6585270e+01   1.7124685e+02
   3.3156545e+01   1.0142299e+02
   2.2158000e+01   6.6168958e+01
   5.3045375e+01   1.5904585e+02
   5.5898640e+01   1.6829061e+02
   8.0380779e+01   2.4154003e+02
   5.0277619e+01   1.5208050e+02
   5.7731953e+01   1.7430963e+02
   3.3564830e+00   9.1097800e+00
   7.8489360e+01   2.3583894e+02
   8.9091338e+01   2.6819090e+02
   8.5517641e+01   2.5795844e+02
   4.6114351e+01   1.3971619e+02
   6.1319242e+01   1.8697837e+02
   6.3550335e+01   1.9257646e+02
   7.6684279e+01   2.3032665e+02
   7.3242147e+01   2.2098523e+02
   4.7353442e+01   1.4375144e+02
   3.2719971e+01   1.0047380e+02
   9.7976928e+01   2.9647905e+02
   8.8613924e+01   2.6763786e+02
   3.8355883e+01   1.1645517e+02
   3.3172973e+01   1.0115315e+02
   2.1890890e+00   7.3163848e+00
   8.5477165e+01   2.5643707e+02
   5.3804190e+01   1.6258532e+02
   3.8852069e+01   1.1643132e+02
   2.0791184e+01   6.3806935e+01
   6.5282448e+01   1.9666706e+02
   7.9063334e+00   2.6375169e+01
   3.0514064e+01   9.3169284e+01
   1.5702941e+01   4.8515753e+01
   1.5051662e+01   4.5358570e+01
   3.8130434e+01   1.1525923e+02
   3.1478353e+01   9.7030892e+01
   3.3554777e+01   1.0176423e+02
   8.8780051e+01   2.6571355e+02
   3.4890840e+01   1.0716518e+02
   1.4149437e+01   4.3827313e+01
   2.7066338e+00   8.5473128e+00
   3.5709785e+01   1.0827098e+02
   1.9020920e+01   5.7916188e+01
   3.3955417e+01   1.0134464e+02
   9.2264529e+01   2.7880984e+02
   1.8869176e+01   5.8100198e+01
   8.1454234e+01   2.4504213e+02
   7.3020570e+01   2.1995645e+02
   1.0071842e+01   3.2359112e+01
   3.8585853e+01   1.1651838e+02
   5.3371658e+01   1.5998910e+02
   3.4313056e+01   1.0324616e+02
   9.2269100e+01   2.7843599e+02
   3.3418312e+01   1.0173490e+02
   1.1120870e+01   3.4064190e+01
   1.6555173e+01   5.1435938e+01
   4.7347284e+01   1.4416324e+02
   1.4470404e+01   4.5581347e+01
   6.8535831e+01   2.0796585e+02
   2.6563090e+01   7.9848159e+01
   6.7387136e+01   2.0314816e+02
   1.3550549e+01   4.1626655e+01
   6.0623920e-01   3.1430033e+00
   8.1035096e+01   2.4452137e+02
   2.3504975e+01   7.1082997e+01
   9.6576982e-01   3.5588848e+00
   4.3764953e+01   1.3056863e+02
   4.1529151e+00   1.2773897e+01
   2.6631447e+01   8.0291697e+01
   1.4880580e+01   4.5593383e+01
   9.8336926e+01   2.9535229e+02
   3.6660182e+01   1.1109987e+02
   8.7282203e+01   2.6151219e+02
   8.9016428e+00   2.5476783e+01
   2.2128544e+01   6.7292755e+01
   4.0095596e+01   1.2037027e+02
   6.7325110e+01   2.0198023e+02
   6.2916201e+01   1.8899129e+02
   3.3325136e+01   1.0047805e+02
   2.2840355e+01   7.1476812e+01
   6.9621007e+01   2.1181292e+02
   3.8706585e-01   1.5475274e+00
   1.6667240e+01   4.9795897e+01
   4.5634920e+01   1.3720354e+02
   9.9574686e+01   2.9986291e+02
   5.3762976e+01   1.6083677e+02
   9.3579406e+01   2.8300735e+02
   7.0859514e+01   2.1403759e+02
   2.4651407e+01   7.3767467e+01
   6.3906284e-01   9.0197711e-01
   7.7470165e+01   2.3228255e+02
   4.1503154e+01   1.2782920e+02
   2.2179464e+01   6.8768183e+01
   4.0112259e+01   1.1985409e+02
   2.2501973e+01   7.0463115e+01
   4.3824591e+01   1.3210094e+02
   6.5745668e+01   1.9769743e+02
   2.9204676e+01   8.8969728e+01
   3.2122400e+01   9.7188723e+01
   6.6662252e+01   2.0193062e+02
   5.5123121e+01   1.6687031e+02
   3.5897007e+01   1.0902128e+02
   9.2495649e+01   2.8020647e+02
   5.3272468e+01   1.5934804e+02
   5.2477206e+01   1.5951913e+02
   1.5416924e+01   4.7275211e+01
   6.7789130e-01   9.2653389e-01
   9.6863443e+01   2.9068798e+02
   1.1966456e+01   3.7054326e+01
   5.3478176e+01   1.6269896e+02
   3.4445261e+01   1.0419464e+02
   3.8816922e+01   1.1665540e+02
   9.6323169e+01   2.9026403e+02
   2.4585565e+01   7.4192901e+01
   5.4094971e+01   1.6385208e+02
   3.5969095e+00   1.0341382e+01
   2.4768136e+00   6.7932068e+00
   7.6564690e+01   2.3008400e+02
   8.1174626e+01   2.4410871e+02
   9.6191056e+00   3.0659248e+01
   9.2302872e+01   2.7863237e+02
   1.2120652e+00   5.1376656e+00
   3.9820646e+01   1.1996826e+02
   8.2935625e+01   2.4972382e+02
   9.5841067e+01   2.8961510e+02
   1.5498777e+01   4.3388047e+01
   7.0194599e+01   2.1270569e+02
   1.6304544e+01   5.1420469e+01
   3.7556574e+01   1.1379952e+02
   2.3544481e+01   7.1453040e+01
